42
18.05 165.78 0.301884594394 0.068985713888
17.87 165.96 0.277816337373 0.616557239802
17.79 166.21 0.0877856415581 0.506745531423
18.07 165.8 0.0882952891767 0.185769573325
18.09 165.76 0.878310049634 0.867414529551
18.06 165.78 0.583154478203 0.793800359704
17.94 166.09 0.540857872093 0.207698629279
18.26 165.56 0.853144788181 0.650733235939
18.17 165.66 0.775504573324 0.208997497635
18.07 165.76 0.943504108118 0.339717301142
18.06 165.79 0.960447321204 0.628361044002
18.88 165.35 0.854364011955 0.393337238182
18.07 165.78 0.946764682688 0.919326873859
18.08 165.75 0.630547902194 0.215431513934
18.05 165.83 0.00647175495114 0.742898056264
18.27 165.31 0.88636191811 0.284687133518
18.08 165.78 0.805750675353 0.153524350033
17.99 165.87 0.569219398473 0.179985607526
18.09 165.75 0.598863643972 0.857123463743
18.19 165.64 0.102708579217 0.759777199863
17.53 166.3 0.523621459837 0.445807016086
17.96 165.82 0.461438429048 0.975571585473
18.02 165.83 0.595613894556 0.32521816104
16.93 166.63 0.599819295552 0.471655737747
18.09 165.77 0.0654514431509 0.588816319503
18.12 165.76 0.54299279264 0.930059929095
18.06 165.72 0.271510865815 0.251404592392
18.02 165.83 0.236521566487 0.729759982422
18.11 165.75 0.126663036047 0.815636077946
18.07 165.65 0.43389847221 0.99237134668
17.87 165.94 0.188005468443 0.660898288269
18.07 165.78 0.267772128679 0.668181058868
14.78 168.45 0.126073054318 0.729690892862
17.94 165.84 0.485672432956 0.609080663344
18.0 165.77 0.337702255925 0.649924262315
18.15 165.68 0.379908975344 0.121798596012
18.1 165.76 0.189066541756 0.473124093638
18.19 165.68 0.781875491089 0.476420423815
18.15 165.67 0.552914819608 0.782467554495
18.09 165.78 0.597710561341 0.0954564631873
18.45 165.38 0.372006606121 0.27706215326
18.07 165.75 0.833812649681 0.383724809937