42
0 80 0 8
0 160 0 16
0 240 0 24
0 320 0 32
0 400 0 40
0 480 0 48
80 80 8 8
80 160 8 16
80 240 8 24
80 320 8 32
80 400 8 40
80 480 8 48
160 80 16 8
160 160 16 16
160 240 16 24
160 320 16 32
160 400 16 40
160 480 16 48
240 80 24 8
240 160 24 16
240 240 24 24
240 320 24 32
240 400 24 40
240 480 24 48
320 80 32 8
320 160 32 16
320 240 32 24
320 320 32 32
320 400 32 40
320 480 42 48
400 80 40 8
400 160 40 16
400 240 40 24
400 320 40 32
400 400 40 40
400 480 40 48
480 80 48 8
480 160 48 16
480 240 20 24
480 320 48 32
480 400 48 40
480 480 48 48