60
2520
-213.06 -164.83
-213.75 -161.96
-223.31 -171.33
-212.85 -161.10
-218.78 -164.36
-222.72 -162.76
-217.59 -164.88
-222.86 -166.78
-217.06 -162.93
-197.08 -167.58
-225.38 -160.59
-218.44 -165.11
-216.04 -165.52
-240.16 -165.27
-218.99 -161.43
-234.60 -156.74
-207.04 -161.21
-216.92 -164.87
-202.40 -150.39
-216.82 -158.36
-212.73 -173.69
-221.35 -161.96
-224.55 -166.78
-223.49 -165.00
-218.22 -160.55
-215.66 -164.71
-221.40 -160.21
-223.66 -165.46
-215.78 -165.58
-217.20 -161.17
-224.83 -166.86
-217.21 -168.55
-217.97 -162.24
-211.07 -160.28
-226.86 -162.01
-217.39 -167.89
-216.21 -163.82
-211.97 -160.42
-219.14 -162.76
-218.27 -163.35
-219.65 -163.56
-217.95 -162.56
