18.90 164.60
18.53 165.07
19.20 164.08
18.69 164.89
18.67 164.15
18.79 163.97
19.00 164.52
18.55 164.62
18.64 165.31
19.03 164.54
18.83 164.41
18.67 164.48
18.73 165.52
18.77 164.68
19.03 164.34
18.69 164.46
18.56 164.67
18.29 165.59
18.50 164.57
18.46 165.43
19.73 164.16
18.92 164.77
18.97 164.93
21.05 163.25
18.94 164.43
18.92 164.51
18.43 165.37
18.62 165.27
18.73 164.99
18.94 164.69
18.55 165.37
18.40 165.77
20.26 163.09
18.21 165.78
19.10 164.13
19.11 164.17
18.59 165.02
18.99 164.77
18.85 164.05
19.12 164.02
18.62 165.48
18.93 164.73
19.05 163.34
18.65 164.52
18.67 163.52
19.08 163.09
18.94 162.87
18.96 162.98
19.18 163.91
18.94 162.96
18.89 163.03
18.81 163.42
18.79 163.18
19.10 163.27
18.63 163.72
18.90 163.96
18.90 163.07
18.76 163.55
18.72 163.68
18.46 164.79
18.86 163.20
18.66 164.76
19.30 163.64
18.86 163.62
18.84 163.13
19.77 163.32
19.19 163.58
19.03 163.21
19.03 163.20
18.84 164.63
18.97 163.13
19.05 162.96
19.08 162.80
19.00 162.93
19.33 163.12
18.67 163.87
19.11 163.39
18.83 163.33
18.81 164.22
18.74 162.99
18.90 163.12
19.23 163.33
18.88 162.68
18.94 164.20
18.85 161.68
19.02 161.69
18.51 162.84
18.97 161.58
18.99 161.99
18.89 161.94
18.79 161.65
19.07 161.85
19.00 161.65
18.76 162.24
18.80 162.33
19.17 162.28
18.68 162.41
18.93 161.89
18.81 161.99
18.89 162.37
19.11 161.21
19.10 161.58
19.05 162.16
19.12 161.00
18.42 161.87
18.85 161.95
18.85 161.34
19.09 163.32
18.77 161.58
18.80 161.55
19.05 161.16
19.00 161.64
18.92 161.36
18.83 161.65
19.24 161.45
19.20 161.30
18.83 163.10
19.29 160.66
18.78 161.99
18.72 162.55
18.96 162.89
18.74 161.81
18.91 162.40
19.05 162.53
19.00 161.28
18.87 162.25
19.10 160.05
19.73 158.26
18.78 161.51
19.33 159.63
19.04 161.45
19.57 159.14
19.40 158.92
19.20 160.98
19.36 159.91
19.58 159.13
18.97 161.36
19.29 160.67
19.39 159.78
19.47 159.06
18.83 161.25
19.26 160.48
19.47 159.47
19.72 158.51
19.56 159.09
19.35 159.12
19.58 158.75
19.58 158.94
18.90 160.38
19.05 159.26
19.11 159.61
19.29 159.62
19.07 160.12
19.28 159.48
19.15 159.99
19.02 160.34
19.33 160.52
19.34 160.21
19.18 159.92
19.60 159.05
18.62 161.28
19.35 159.87
19.18 161.26
19.46 159.70
19.34 160.10
19.22 160.06
19.61 159.41
18.97 160.78
19.97 157.10
20.08 156.54
19.32 159.45
19.85 157.47
19.57 158.85
20.03 157.03
20.24 156.48
19.80 157.77
19.74 158.16
20.21 156.28
19.19 160.34
20.09 155.79
20.26 156.15
19.90 157.14
20.22 156.29
19.80 157.85
19.96 157.16
20.04 156.54
19.92 157.04
19.93 157.13
20.34 156.59
20.19 156.28
20.34 156.28
19.26 156.89
19.41 158.34
20.02 157.16
20.29 156.19
19.50 158.19
19.99 157.13
20.42 155.87
20.03 156.34
19.94 157.00
19.77 157.04
19.99 156.82
20.41 155.83
20.02 157.02
19.71 158.14
20.04 157.50
19.70 158.25
19.68 157.50
20.01 157.52
20.27 155.88
20.57 153.93
20.27 154.68
20.41 154.57
20.21 155.73
20.57 153.20
20.31 155.11
20.53 154.64
20.15 155.85
20.53 153.23
20.30 153.92
20.60 153.26
20.50 153.35
20.59 154.12
20.23 155.41
20.73 153.10
20.41 154.11
20.41 153.88
20.21 155.44
20.29 154.66
20.32 155.28
20.28 154.09
20.41 154.51
21.05 154.21
19.50 155.52
20.65 153.63
20.48 154.09
20.87 154.18
20.22 155.06
20.56 153.73
20.73 153.54
20.44 153.68
20.40 154.11
20.18 155.17
20.19 155.55
21.05 153.08
20.45 153.92
20.13 155.65
20.39 154.41
19.91 157.16
20.66 153.12
20.21 156.52
20.73 153.34
20.90 152.05
20.38 153.69
21.00 151.84
20.99 151.35
21.11 150.35
20.89 151.64
20.76 152.71
21.04 151.05
21.08 150.64
20.61 152.14
21.40 149.50
21.01 151.69
20.82 152.14
21.06 150.95
20.88 151.54
20.82 151.85
21.06 150.94
20.59 153.38
20.99 151.32
20.57 154.06
20.59 151.98
20.69 152.64
20.70 151.23
21.64 150.65
21.28 150.81
20.74 152.43
21.01 152.43
20.68 153.09
20.95 151.38
20.81 151.97
20.90 151.69
20.64 152.66
21.17 150.84
20.37 154.55
21.04 151.74
20.77 151.98
20.89 151.76
20.68 152.28
20.38 154.61
21.14 150.94
20.85 151.89
20.84 151.73
21.86 147.03
21.80 147.56
21.85 147.19
22.15 145.68
21.90 147.39
21.22 149.70
21.51 148.55
22.03 146.28
21.63 148.33
21.51 148.77
21.80 147.62
21.33 150.49
21.35 149.24
21.84 147.19
21.35 149.19
21.26 149.74
21.41 149.37
21.67 148.05
22.02 146.60
20.89 152.35
21.77 147.78
22.12 145.98
21.33 147.75
22.57 147.55
21.76 147.53
20.90 151.45
21.80 146.13
21.42 149.52
21.92 146.94
21.32 149.20
21.13 150.69
21.25 149.85
21.95 146.97
22.30 145.00
21.60 147.55
21.73 147.84
21.51 148.74
21.13 150.05
21.74 147.67
21.83 147.33
21.18 149.55
21.99 146.54
22.65 143.09
23.38 140.04
23.01 141.31
22.99 141.68
22.41 145.16
22.37 144.47
22.44 143.99
22.61 143.54
22.67 143.41
22.16 146.10
22.20 145.63
22.09 146.47
22.10 145.65
22.97 141.76
22.19 145.37
23.37 140.06
22.26 145.26
22.97 141.70
23.00 141.58
23.65 137.98
23.35 140.53
23.16 140.86
22.92 142.40
23.02 145.87
22.62 143.00
21.95 146.51
22.42 142.46
22.91 141.99
23.06 141.39
22.23 145.00
21.37 149.59
22.05 146.20
22.76 142.66
23.27 140.22
23.09 141.05
22.89 142.36
21.96 146.59
22.44 144.23
22.52 143.75
22.40 144.42
23.40 140.03
22.91 142.24
24.72 132.49
24.52 133.57
24.21 135.09
24.38 134.20
24.35 134.30
23.23 140.40
24.18 135.35
22.94 141.93
23.68 138.16
22.65 143.88
24.59 133.07
24.21 134.97
25.19 130.39
24.65 132.82
25.17 130.48
24.49 134.75
24.67 132.80
23.94 136.78
24.67 132.50
25.03 130.79
24.60 132.95
24.03 136.26
23.94 138.31
24.40 130.50
23.25 139.75
23.38 139.50
23.90 136.36
24.75 132.27
24.40 134.13
24.82 132.31
25.33 129.44
23.17 140.66
24.75 132.14
23.85 137.23
23.93 137.27
23.96 136.82
23.39 139.37
23.96 136.82
23.57 138.41
23.82 137.11
24.89 132.14
24.58 133.06
26.47 123.60
25.56 127.92
25.86 126.68
26.24 124.64
26.19 124.53
24.96 131.55
26.87 121.68
25.90 126.51
26.40 123.83
25.05 131.17
26.45 123.51
26.82 121.58
26.89 121.70
25.86 126.50
26.80 122.12
25.76 127.63
26.30 124.37
24.98 131.39
26.76 122.16
25.94 126.22
25.35 128.56
24.79 132.20
24.91 133.34
25.36 122.50
26.24 124.86
24.87 131.97
25.09 131.13
26.70 122.37
25.64 127.63
26.88 121.63
27.31 119.37
27.89 116.29
26.56 123.10
24.77 132.44
26.06 125.84
25.47 128.77
25.55 128.37
27.35 118.94
26.51 123.43
24.65 132.80
26.47 123.11
26.04 125.49
29.71 106.96
29.97 105.69
29.59 107.60
27.96 115.86
28.34 113.70
26.51 123.61
29.69 107.07
28.44 113.41
29.51 107.79
29.33 108.67
29.41 108.59
29.85 106.36
28.58 112.80
28.01 115.58
27.69 117.54
26.44 123.78
28.27 114.31
27.14 120.17
29.83 106.50
26.46 123.59
29.23 109.43
31.01 100.21
30.36 102.45
28.43 112.16
29.01 110.79
30.93 100.64
26.68 123.26
28.04 115.60
27.92 116.04
28.66 112.35
29.10 110.08
30.25 104.10
27.75 117.08
26.69 122.47
29.25 109.02
30.07 104.93
29.24 109.43
29.80 106.30
28.31 114.25
25.79 126.97
29.80 106.41
28.07 115.25
32.70 91.51
33.96 85.16
33.03 89.88
34.91 80.25
32.11 94.68
29.70 107.07
33.52 87.21
30.91 100.68
31.30 98.59
32.65 91.50
33.01 89.99
33.29 88.56
32.78 90.98
33.65 86.75
31.22 99.13
32.05 94.69
34.26 83.51
29.23 109.38
32.76 91.26
29.42 108.38
34.22 84.05
34.12 84.21
33.09 86.99
31.92 97.90
34.11 84.09
34.02 84.66
32.15 94.41
28.93 111.06
32.21 94.11
33.31 88.28
30.98 100.35
32.25 93.83
33.09 89.54
27.86 116.41
34.24 83.61
34.10 84.33
32.23 94.01
32.40 93.09
29.91 106.02
32.86 90.71
32.14 94.65
32.53 92.48
34.44 82.53
37.41 67.37
38.40 62.30
38.38 62.45
39.44 57.09
33.73 86.23
35.86 75.11
38.98 59.39
38.33 62.80
36.31 72.93
37.63 66.23
35.49 77.16
37.90 64.79
37.81 65.41
37.99 64.31
39.85 54.89
37.75 65.60
34.96 79.92
35.80 75.54
39.90 54.61
37.46 67.24
36.82 70.42
37.67 67.32
34.72 84.55
37.33 67.51
36.31 72.94
40.35 51.90
38.13 63.66
37.81 65.40
38.69 60.87
36.19 73.64
37.59 66.48
38.52 61.63
36.46 72.27
37.40 67.57
36.88 70.15
38.72 60.65
34.85 80.59
36.44 72.36
37.43 67.32
34.53 82.39
37.88 65.07
45.88 23.23
43.71 34.43
42.92 38.76
40.20 53.08
44.73 29.04
41.30 47.01
40.76 49.82
43.63 35.37
44.64 29.81
44.27 31.73
40.40 51.88
45.20 26.73
42.67 40.10
43.36 36.31
42.78 39.46
44.23 32.15
44.37 30.97
42.72 39.78
41.07 48.24
46.02 22.43
43.79 33.83
40.79 49.78
43.41 37.64
37.60 69.32
41.38 46.61
39.88 54.47
44.45 30.64
47.09 16.88
43.29 36.81
43.78 34.20
42.82 39.25
41.66 45.42
44.58 29.92
41.80 44.73
40.09 53.61
41.89 44.02
44.41 30.84
43.44 35.94
42.25 42.21
42.76 39.52
43.37 36.22
44.03 32.80
51.73 -7.08
49.74 2.99
52.17 -9.68
53.60 -17.22
48.62 8.61
51.48 -5.90
49.37 5.10
50.93 -3.23
51.30 -5.19
52.45 -10.97
54.83 -23.54
50.72 -1.97
51.24 -4.76
49.01 6.78
50.28 0.28
48.30 10.74
49.04 6.58
51.02 -3.47
47.52 14.70
49.26 5.37
47.63 13.66
54.52 -21.88
49.22 6.23
45.91 23.73
54.42 -21.20
47.66 14.00
51.75 -7.37
51.57 -6.52
46.26 21.33
48.32 10.41
51.31 -5.05
50.91 -3.04
51.43 -5.80
52.42 -10.88
49.48 4.43
52.66 -12.18
48.57 9.11
47.96 12.44
48.26 10.87
49.70 3.29
49.00 6.88
47.64 13.92
59.17 -46.23
61.10 -56.22
60.85 -55.05
62.39 -63.12
60.68 -53.97
62.98 -66.15
55.11 -24.80
55.79 -28.83
60.04 -50.81
60.34 -52.39
62.04 -61.25
55.31 -25.95
60.78 -54.68
53.00 -14.05
59.60 -48.48
51.19 -4.47
61.29 -57.19
58.61 -43.19
56.66 -33.04
57.86 -39.39
50.16 0.45
61.53 -58.54
58.60 -43.87
59.87 -51.02
61.23 -56.74
52.64 -11.97
60.84 -54.97
55.05 -24.70
54.79 -23.29
55.27 -25.87
58.45 -42.39
56.65 -33.13
61.38 -57.70
58.46 -42.54
62.37 -63.02
60.15 -51.30
54.58 -22.25
56.82 -33.86
55.73 -28.16
57.76 -38.85
53.54 -16.83
62.18 -61.92
67.55 -90.13
66.81 -85.99
66.30 -83.50
67.83 -91.39
67.81 -91.11
68.73 -96.28
68.21 -93.49
61.13 -56.74
67.08 -87.58
66.03 -82.22
66.24 -83.17
58.26 -41.33
65.67 -80.29
64.63 -74.77
65.85 -81.21
67.09 -87.66
70.64 -106.14
63.68 -69.78
62.72 -64.70
68.07 -92.67
62.94 -66.01
65.86 -81.17
63.78 -71.38
67.19 -90.07
66.71 -85.67
74.11 -124.35
67.24 -88.43
60.66 -53.99
68.24 -93.66
63.80 -70.46
67.64 -90.54
66.80 -86.16
68.88 -96.95
64.26 -72.87
69.40 -99.76
67.78 -91.25
73.50 -121.06
69.89 -102.30
65.72 -80.48
63.44 -68.53
70.04 -102.99
70.70 -106.46
75.60 -132.09
74.69 -127.32
75.19 -129.93
70.88 -107.29
74.06 -123.93
73.32 -120.21
75.63 -132.38
67.37 -89.23
74.74 -127.53
75.67 -132.41
70.14 -103.58
74.90 -128.45
73.52 -121.19
71.61 -111.17
74.90 -128.42
80.92 -159.86
75.31 -130.62
66.93 -86.78
75.51 -131.61
73.19 -119.35
78.99 -149.58
68.78 -96.42
76.47 -136.35
72.30 -116.33
73.44 -120.93
81.77 -164.41
75.91 -133.66
74.88 -128.30
76.98 -139.33
75.49 -131.51
73.11 -119.14
74.17 -124.59
75.26 -130.33
71.53 -110.87
73.71 -122.19
73.11 -119.08
82.91 -170.21
76.92 -139.07
72.39 -115.34
71.12 -108.70
78.93 -149.44
74.85 -128.17
71.15 -111.72
76.81 -139.62
77.15 -141.47
72.63 -116.67
73.80 -125.73
70.98 -110.49
68.60 -97.74
80.34 -159.65
71.13 -109.38
71.07 -110.58
72.51 -116.22
78.74 -151.15
76.88 -139.41
75.24 -130.50
75.06 -131.76
74.37 -125.70
70.56 -107.60
74.18 -126.25
81.87 -164.94
74.31 -127.82
73.58 -124.32
72.92 -119.22
74.91 -130.89
74.85 -129.47
76.24 -136.28
81.83 -165.08
70.46 -105.83
80.38 -157.98
73.27 -121.97
78.86 -150.26
75.33 -131.66
74.81 -130.36
74.91 -129.20
76.14 -136.80
73.31 -121.66
74.23 -127.75
82.55 -168.98
73.67 -123.77
75.71 -132.82
75.01 -129.05
74.32 -127.40
73.10 -119.18
68.68 -99.77
73.29 -121.72
66.17 -85.54
69.23 -103.61
72.42 -119.87
69.80 -105.63
68.48 -98.62
75.42 -133.88
69.03 -102.49
68.70 -99.60
69.30 -102.98
67.38 -92.73
75.05 -130.41
69.45 -102.98
71.90 -116.57
67.32 -91.69
68.75 -100.05
75.29 -133.62
80.99 -160.65
73.96 -127.30
68.40 -98.55
72.79 -120.73
73.34 -124.06
72.54 -118.21
67.59 -94.43
70.20 -105.97
68.18 -95.89
69.32 -102.35
67.14 -91.88
67.06 -91.16
69.14 -101.47
69.49 -104.01
68.40 -98.38
67.97 -94.26
69.91 -106.07
68.32 -97.75
72.86 -119.99
67.54 -93.58
74.21 -126.15
68.00 -96.18
68.78 -99.29
67.37 -92.64
68.52 -101.28
67.76 -95.94
65.04 -83.30
67.53 -97.09
70.47 -110.53
68.21 -99.66
68.49 -99.57
63.64 -73.09
68.38 -101.28
67.82 -96.41
67.68 -96.51
64.67 -80.96
71.65 -113.53
66.43 -89.59
66.89 -92.32
66.95 -94.35
68.70 -102.60
66.90 -92.59
70.08 -107.20
68.15 -98.82
66.44 -89.46
69.59 -106.39
72.18 -118.80
67.42 -95.08
65.35 -85.15
64.24 -76.05
68.36 -100.66
63.62 -77.03
66.46 -90.24
64.83 -82.68
66.16 -89.03
66.54 -90.39
66.27 -90.06
65.25 -83.11
68.17 -98.13
66.09 -87.40
64.30 -78.72
66.00 -87.53
65.64 -84.98
64.78 -81.47
66.32 -88.15
68.03 -100.15
68.39 -101.91
65.06 -84.06
68.13 -102.78
67.20 -97.02
68.21 -100.39
67.31 -96.94
67.83 -100.88
62.91 -70.15
67.71 -99.56
67.38 -94.84
67.00 -94.62
71.24 -118.11
63.23 -80.29
68.48 -104.93
65.34 -86.77
68.33 -104.09
68.02 -101.48
62.87 -73.20
62.92 -74.61
65.01 -87.12
67.20 -95.53
67.20 -96.06
69.60 -107.20
65.09 -85.43
68.54 -103.15
67.93 -99.60
68.24 -102.72
68.84 -106.11
69.18 -108.74
65.97 -87.09
66.90 -96.07
67.21 -94.38
66.47 -93.17
67.78 -98.19
67.08 -97.27
66.74 -91.09
71.80 -120.08
68.14 -102.31
65.18 -88.70
68.00 -98.65
67.26 -94.85
68.36 -103.90
69.46 -112.04
71.89 -124.05
70.22 -115.61
70.76 -119.06
68.48 -107.40
69.68 -113.39
68.71 -108.57
71.78 -119.83
68.12 -103.35
70.19 -117.51
70.02 -115.46
70.90 -120.22
67.47 -104.07
69.57 -112.93
65.96 -92.01
69.85 -113.49
67.90 -102.35
61.89 -69.15
71.98 -121.52
66.07 -94.92
69.91 -114.11
66.89 -96.58
68.32 -101.40
67.32 -97.48
70.45 -114.90
69.98 -112.86
69.62 -113.03
71.49 -120.93
70.54 -118.00
69.85 -111.67
71.69 -124.16
70.79 -120.03
71.76 -124.57
71.28 -122.59
69.46 -112.84
71.60 -122.05
70.91 -120.72
71.16 -121.75
65.49 -93.29
70.92 -118.41
69.01 -107.47
68.96 -108.39
69.39 -114.68
67.72 -109.78
68.63 -111.00
66.19 -101.18
66.64 -104.43
70.13 -118.54
68.33 -109.46
74.19 -137.29
68.23 -105.35
69.01 -116.09
68.38 -111.80
65.31 -95.81
69.58 -115.96
67.88 -107.52
66.86 -99.35
69.62 -114.28
67.81 -102.94
64.49 -84.00
69.37 -117.39
69.07 -115.04
66.83 -105.21
67.32 -104.39
66.89 -100.96
68.65 -113.36
67.62 -107.05
69.01 -112.52
67.46 -106.35
66.18 -100.51
71.13 -122.25
69.90 -117.94
70.21 -119.79
67.93 -110.54
72.83 -132.74
71.41 -126.93
67.87 -108.42
65.92 -102.24
64.03 -89.94
69.49 -116.26
67.92 -108.01
71.19 -123.36
67.96 -109.53
66.68 -103.15
68.43 -112.69
62.96 -91.45
64.43 -97.68
63.40 -94.22
64.98 -100.69
63.81 -95.80
65.55 -102.16
71.17 -126.50
66.59 -104.07
67.30 -110.37
63.69 -94.95
63.71 -96.28
65.51 -102.71
66.92 -104.51
65.67 -108.06
64.08 -97.01
64.60 -102.06
67.48 -113.10
61.67 -87.25
64.41 -100.12
64.85 -99.31
66.20 -106.24
64.55 -102.89
68.20 -116.73
64.48 -98.24
64.72 -99.72
65.23 -99.95
63.45 -90.77
71.01 -122.77
67.61 -111.95
65.10 -99.73
64.17 -96.17
73.02 -134.62
65.37 -101.64
64.82 -99.07
63.08 -92.33
62.39 -86.30
62.03 -87.49
65.76 -105.65
66.11 -104.93
67.18 -109.67
65.03 -99.93
65.22 -104.79
62.30 -94.69
62.39 -93.86
62.56 -94.98
63.72 -100.98
61.73 -94.83
62.56 -99.67
58.17 -80.15
61.85 -101.16
65.96 -106.20
62.83 -100.25
64.51 -109.14
63.18 -96.14
64.70 -101.82
63.84 -106.74
62.18 -99.30
62.93 -102.66
65.64 -116.02
58.11 -73.76
62.24 -95.93
63.33 -102.55
62.83 -101.47
63.38 -103.85
62.21 -96.58
63.04 -102.85
62.41 -96.29
62.95 -101.75
62.49 -90.40
60.87 -92.04
62.65 -97.69
62.36 -90.73
62.36 -90.27
56.95 -73.18
60.99 -91.06
62.90 -99.92
63.97 -103.98
61.62 -84.85
58.88 -76.68
63.10 -100.87
61.89 -93.52
61.77 -96.80
63.76 -101.04
62.99 -100.17
61.30 -105.93
60.56 -102.84
61.98 -96.83
60.21 -101.40
60.78 -99.08
60.87 -98.83
51.77 -57.53
59.48 -99.70
58.85 -96.22
60.71 -104.47
62.65 -108.81
59.87 -100.91
62.24 -100.16
59.43 -96.28
60.81 -102.80
60.09 -100.18
62.83 -110.07
60.54 -90.47
60.57 -101.59
62.05 -103.68
59.33 -98.51
61.36 -101.81
59.12 -87.68
61.37 -103.81
61.19 -95.12
60.69 -102.05
61.17 -104.31
56.06 -79.03
58.98 -95.71
60.19 -102.51
61.45 -87.38
53.84 -70.58
59.31 -91.76
60.54 -101.99
60.27 -104.29
61.24 -84.19
61.32 -104.35
60.52 -98.77
59.76 -91.54
59.16 -95.86
60.74 -101.74
58.53 -102.93
60.55 -111.16
59.40 -108.55
60.47 -103.07
58.51 -104.23
59.38 -110.69
59.74 -100.96
71.13 -158.72
59.51 -106.04
57.44 -103.44
58.91 -106.28
61.58 -108.36
58.39 -104.70
60.62 -100.15
57.54 -94.11
59.20 -107.08
58.90 -104.21
57.32 -97.81
61.49 -112.78
59.32 -108.16
61.02 -104.38
59.20 -107.03
59.32 -103.14
59.06 -104.72
59.67 -104.67
59.17 -108.57
59.28 -103.72
59.96 -111.26
60.27 -112.21
57.95 -100.09
59.24 -111.44
58.87 -116.34
57.35 -95.86
58.77 -96.04
59.19 -104.51
58.42 -104.45
59.96 -106.43
61.02 -118.10
58.82 -106.75
59.58 -112.60
59.38 -106.98
58.41 -106.51
56.79 -123.33
57.54 -121.92
58.22 -120.30
56.74 -130.92
58.00 -117.13
57.97 -124.35
58.61 -112.07
56.92 -108.11
58.54 -125.18
58.18 -120.11
57.96 -120.81
57.34 -119.06
57.79 -110.23
57.15 -124.76
57.39 -106.21
58.00 -120.51
58.25 -127.67
54.95 -96.33
61.42 -124.67
58.12 -122.00
58.42 -116.34
58.93 -117.32
58.25 -105.32
59.00 -115.46
58.58 -108.71
57.76 -125.64
58.36 -111.06
58.83 -117.19
59.99 -135.86
57.67 -106.56
58.65 -117.46
57.58 -130.82
60.74 -130.48
58.53 -104.67
57.89 -128.85
57.53 -105.44
58.52 -124.86
60.76 -124.88
57.99 -114.77
58.55 -128.09
58.87 -123.89
57.66 -117.60
55.88 -139.87
54.81 -141.11
57.60 -126.38
54.88 -144.85
56.98 -131.96
56.04 -137.76
57.10 -127.11
49.70 -97.96
57.37 -136.93
56.26 -145.63
57.00 -132.06
55.18 -125.16
56.96 -123.55
55.37 -137.72
56.46 -144.76
56.91 -131.19
57.81 -139.66
55.32 -125.59
57.91 -135.26
55.98 -138.89
56.56 -127.17
54.78 -147.38
57.66 -107.29
56.19 -139.83
55.39 -142.65
56.49 -137.09
55.86 -139.77
57.66 -124.11
54.24 -139.16
56.95 -125.26
55.40 -141.32
56.23 -138.15
59.19 -148.15
58.28 -110.99
55.41 -144.33
55.52 -156.55
54.97 -143.71
58.51 -131.45
56.35 -134.61
57.05 -137.38
54.47 -146.03
56.68 -131.83
53.20 -157.88
53.44 -150.71
52.70 -158.21
53.84 -152.11
53.63 -155.27
54.27 -148.69
51.22 -171.48
50.70 -139.42
52.53 -156.16
52.86 -158.94
55.50 -143.33
53.56 -143.98
52.52 -166.46
53.99 -148.75
52.97 -165.97
56.31 -136.90
52.71 -154.96
54.67 -160.34
49.75 -160.60
53.78 -152.65
52.93 -156.97
52.46 -161.32
53.33 -157.26
53.54 -156.52
52.75 -163.47
54.91 -147.01
52.91 -161.75
54.52 -145.11
51.41 -142.30
51.72 -175.36
52.57 -159.32
54.36 -147.15
52.10 -154.15
52.76 -163.71
53.47 -153.33
52.48 -161.74
52.38 -156.89
49.61 -162.78
55.21 -146.45
53.14 -152.61
52.26 -157.10
52.40 -163.29
47.24 -173.19
45.31 -178.96
47.90 -177.60
46.49 -172.97
49.97 -170.63
48.06 -170.24
47.35 -188.69
50.31 -179.30
48.92 -168.47
45.26 -172.57
54.44 -150.00
48.37 -174.22
45.45 -181.79
50.49 -163.26
50.61 -175.98
46.51 -176.43
46.65 -171.46
45.32 -182.07
45.56 -174.89
47.67 -171.70
48.56 -176.34
46.90 -170.55
50.66 -182.99
51.83 -165.46
45.64 -172.62
48.79 -167.81
50.92 -172.90
49.36 -168.51
49.32 -151.57
46.35 -184.03
49.56 -170.19
53.24 -152.27
47.60 -160.43
47.04 -189.20
52.15 -158.67
46.75 -165.87
46.02 -174.23
45.15 -178.45
43.98 -183.44
45.03 -177.95
48.18 -169.01
47.13 -178.45
40.49 -192.72
39.39 -199.32
43.95 -189.61
42.76 -183.60
36.61 -202.96
37.84 -204.02
38.97 -187.26
37.56 -207.45
38.54 -200.60
38.98 -200.42
47.76 -172.99
40.33 -200.77
40.89 -190.61
42.96 -188.44
47.86 -182.75
37.71 -207.00
40.66 -192.97
40.44 -193.14
42.43 -187.67
40.13 -195.50
38.20 -198.70
41.96 -184.72
42.07 -196.35
43.60 -186.84
41.51 -180.98
36.81 -207.17
39.76 -193.91
42.90 -190.99
46.07 -169.35
39.09 -187.23
42.50 -188.82
48.91 -167.50
38.84 -204.91
40.17 -194.40
45.69 -178.93
42.05 -179.54
41.39 -189.44
42.20 -189.37
38.36 -201.94
40.81 -191.47
40.51 -194.28
42.65 -188.96
36.70 -203.56
34.28 -212.32
37.22 -204.27
35.30 -206.54
29.93 -219.13
31.53 -219.87
33.28 -196.56
29.91 -215.50
31.27 -219.22
34.47 -215.82
22.40 -243.69
32.18 -216.48
37.92 -197.02
36.62 -206.91
32.40 -211.44
33.28 -222.20
36.23 -207.27
37.91 -198.91
34.13 -211.74
33.00 -214.52
33.00 -209.95
35.27 -206.20
31.94 -210.10
29.04 -221.61
29.97 -227.68
30.59 -222.05
33.21 -207.21
34.89 -211.32
39.50 -195.80
34.53 -194.74
34.74 -208.28
34.95 -209.12
32.59 -225.51
30.50 -212.00
24.66 -236.17
38.17 -192.98
35.57 -206.97
36.17 -205.91
34.10 -212.04
32.98 -213.88
32.08 -217.14
34.74 -207.37
34.38 -209.56
25.55 -218.29
26.88 -219.62
26.26 -224.04
26.74 -225.33
27.55 -221.55
28.18 -213.71
27.12 -213.38
26.18 -214.85
31.60 -222.93
21.32 -233.64
27.76 -223.42
32.77 -207.61
33.14 -216.41
22.89 -226.31
27.22 -215.68
32.84 -215.39
34.78 -205.09
29.26 -223.83
24.54 -219.10
26.40 -218.86
25.21 -225.11
25.46 -218.85
22.87 -231.70
25.19 -221.89
27.45 -225.38
27.44 -218.27
23.18 -222.68
19.10 -239.83
25.16 -228.85
27.14 -221.27
27.84 -230.02
25.67 -211.29
25.67 -220.80
17.84 -249.51
27.08 -222.40
24.97 -223.36
25.11 -222.82
31.43 -217.08
28.79 -224.87
26.13 -222.92
22.87 -225.22
28.01 -213.60
21.23 -218.62
21.06 -222.80
21.05 -217.89
24.26 -216.83
23.33 -210.18
20.93 -217.76
23.72 -209.44
23.53 -211.92
27.22 -220.69
24.53 -209.36
21.40 -202.77
21.61 -217.36
28.69 -219.31
22.98 -207.58
21.87 -205.84
19.26 -212.66
21.67 -216.04
24.39 -221.37
21.60 -212.49
21.98 -211.65
20.70 -219.08
22.62 -208.99
22.57 -216.43
23.60 -201.38
22.41 -199.54
24.07 -221.87
17.95 -225.50
11.16 -252.02
20.78 -235.59
20.41 -207.87
21.90 -219.87
22.21 -204.18
23.25 -220.41
25.44 -202.45
19.32 -219.68
20.97 -209.24
20.32 -216.12
19.20 -208.66
23.24 -215.35
22.48 -208.70
22.49 -206.54
21.12 -213.54
16.47 -206.05
18.12 -224.16
17.39 -209.55
19.48 -206.87
16.83 -202.88
15.15 -208.45
18.59 -206.87
18.70 -207.82
22.43 -215.68
18.81 -196.25
16.84 -196.14
12.75 -210.41
25.25 -219.39
21.32 -198.70
14.81 -205.54
12.41 -207.17
14.21 -218.81
16.52 -206.84
15.98 -202.57
17.37 -205.47
17.14 -207.01
20.90 -204.03
21.39 -206.43
18.65 -198.00
15.11 -200.19
17.85 -211.37
15.54 -224.08
20.78 -184.81
16.53 -203.95
16.57 -201.48
15.38 -200.05
20.21 -201.02
21.65 -219.06
25.38 -182.76
15.28 -203.94
18.69 -202.09
17.89 -212.54
13.08 -204.44
12.57 -197.52
15.61 -201.52
20.04 -198.65
8.78 -196.84
10.13 -191.11
10.67 -196.15
10.37 -192.44
7.88 -189.43
6.71 -190.58
9.26 -191.08
15.07 -204.11
8.25 -192.26
8.50 -191.92
9.46 -191.02
8.97 -194.63
8.17 -195.86
5.60 -188.50
13.07 -193.26
10.00 -200.81
9.09 -197.89
8.78 -198.17
7.26 -187.01
9.65 -192.39
14.06 -200.70
7.39 -184.41
9.41 -193.24
18.68 -199.29
10.65 -195.87
7.24 -196.08
7.61 -187.41
12.34 -205.46
23.27 -154.80
12.69 -185.33
9.88 -193.56
7.52 -186.00
5.86 -193.32
15.82 -206.46
18.78 -180.49
12.60 -194.50
5.49 -189.50
14.44 -204.46
9.76 -198.72
7.23 -188.60
10.33 -195.50
14.26 -194.02
2.52 -188.25
2.08 -180.84
3.46 -176.89
-2.30 -176.33
1.15 -180.33
-0.17 -181.03
4.40 -181.05
9.40 -196.29
2.29 -183.45
-1.90 -176.00
3.09 -187.30
3.97 -191.94
3.18 -180.87
-4.23 -173.06
4.13 -187.47
4.01 -188.43
5.45 -187.93
3.40 -179.75
1.80 -177.85
-1.22 -179.91
6.90 -190.39
-0.50 -179.99
3.22 -187.30
-8.73 -174.24
6.45 -194.50
1.82 -187.19
1.62 -175.91
1.55 -173.03
4.70 -192.47
-1.04 -181.31
2.47 -184.80
1.64 -181.52
-1.63 -183.72
-5.07 -168.59
9.08 -183.24
9.84 -188.56
-1.02 -182.34
8.70 -193.17
5.29 -188.98
4.20 -184.12
-1.48 -178.94
4.66 -187.43
-8.20 -174.51
-9.84 -170.88
-23.46 -162.19
-15.00 -166.21
-2.64 -175.52
-20.17 -163.12
-14.58 -167.45
-19.06 -161.21
-21.30 -161.82
-20.69 -164.53
-19.99 -163.46
-0.86 -187.34
-8.86 -168.06
-9.59 -165.46
-17.46 -166.97
-3.10 -177.65
1.43 -180.82
-22.91 -159.81
-8.87 -170.54
-17.30 -165.63
-10.56 -170.89
-19.21 -167.46
-8.52 -174.88
-22.44 -161.72
-11.80 -172.27
-6.29 -176.11
-18.42 -167.41
-5.57 -157.02
-18.88 -191.91
-12.10 -175.44
-10.93 -171.29
-2.57 -178.39
-6.83 -176.98
-16.09 -150.55
-26.07 -169.30
-11.63 -170.10
-17.21 -165.17
2.89 -184.33
-17.57 -162.43
-14.19 -168.98
-7.71 -170.44
-13.37 -171.11
-28.69 -163.23
-37.65 -163.78
-40.42 -164.37
-30.81 -163.79
-39.63 -163.80
-36.99 -161.31
-32.23 -161.97
-46.82 -159.29
-36.52 -156.36
-34.83 -163.00
-37.69 -157.45
-24.63 -169.77
-37.09 -163.26
-26.58 -165.00
-39.59 -159.79
-38.43 -160.72
-1.64 -176.83
-40.56 -163.33
-47.95 -164.46
-27.94 -159.58
-25.40 -160.52
-33.95 -162.64
-37.42 -161.36
-32.74 -162.65
-43.95 -156.37
-29.94 -163.83
-35.83 -164.99
-14.48 -152.23
-43.12 -152.49
-35.92 -164.47
-31.48 -162.72
-10.08 -174.73
-42.13 -160.56
-40.10 -176.28
-43.65 -162.33
-35.75 -160.13
-34.61 -160.93
-8.28 -175.63
-31.88 -151.48
-41.36 -161.90
-16.38 -165.85
-42.81 -160.05
-76.55 -159.99
-61.80 -160.91
-52.14 -165.50
-60.81 -163.45
-68.05 -158.73
-58.92 -164.29
-54.26 -161.32
-62.89 -168.38
-49.99 -157.79
-47.27 -162.83
-54.23 -159.71
-63.66 -154.80
-65.56 -162.45
-38.60 -164.68
-62.60 -162.87
-71.66 -158.37
-14.83 -171.72
-51.45 -165.41
-67.49 -161.42
-63.31 -163.89
-64.55 -160.88
-60.68 -162.75
-63.55 -158.04
-59.62 -165.70
-63.62 -155.70
-49.23 -157.95
-60.56 -163.08
-24.94 -152.02
-61.14 -147.39
-52.58 -158.99
-69.82 -161.40
-79.55 -155.08
-65.91 -156.46
-59.07 -178.66
-60.96 -163.07
-58.06 -158.78
-53.84 -161.59
-34.03 -165.60
-64.83 -166.84
-58.79 -159.85
-44.20 -162.52
-62.87 -159.10
-104.51 -151.77
-94.94 -152.56
-80.46 -157.52
-109.84 -148.08
-101.49 -150.09
-110.84 -147.50
-98.70 -152.75
-73.13 -171.18
-95.81 -154.92
-105.46 -150.27
-85.91 -156.56
-110.59 -147.80
-88.10 -157.67
-52.30 -162.71
-91.34 -156.49
-98.95 -152.74
-148.53 -136.49
-104.13 -149.09
-99.10 -148.42
-88.42 -162.01
-89.78 -158.87
-98.05 -153.05
-88.49 -154.19
-97.89 -154.00
-93.05 -154.60
-73.91 -153.59
-88.27 -155.66
-42.19 -152.59
-86.59 -151.71
-86.24 -152.57
-102.06 -152.26
-114.28 -145.26
-82.70 -153.92
-81.68 -164.74
-103.89 -148.71
-96.18 -153.46
-103.12 -151.88
-134.82 -140.27
-86.88 -170.07
-90.05 -153.65
-97.23 -152.62
-90.74 -154.33
-122.45 -146.28
-196.36 -122.95
-221.09 -114.46
-144.58 -137.34
-181.68 -127.42
-210.60 -117.55
-200.43 -122.52
-125.36 -150.90
-130.94 -149.22
-181.15 -129.09
-190.99 -126.39
-176.58 -131.63
-212.40 -115.67
-192.60 -125.37
-136.25 -142.62
-159.02 -134.71
-215.38 -118.88
-198.61 -121.60
-146.35 -134.34
-130.21 -148.67
-127.35 -148.36
-117.99 -147.79
-114.22 -148.35
-201.96 -118.79
-152.24 -139.54
-145.00 -137.95
-123.10 -145.28
-241.56 -124.00
-124.66 -147.64
-126.91 -143.21
-137.32 -141.19
-194.62 -124.23
-93.95 -151.89
-184.01 -119.32
-193.30 -122.94
-116.68 -150.34
-190.29 -125.84
-188.30 -126.76
-191.92 -120.48
-120.33 -146.25
-216.38 -118.55
-120.30 -147.12
-161.65 -134.33
-255.21 -107.30
-250.74 -108.80
-239.20 -111.48
-235.23 -112.58
-260.44 -102.60
-251.30 -107.41
-274.60 -94.22
-262.98 -102.39
-243.97 -109.99
-254.95 -106.63
-249.74 -108.21
-253.21 -106.89
-270.62 -103.84
-170.67 -131.94
-234.99 -112.18
-236.94 -112.97
-247.83 -108.86
-275.13 -104.33
-167.87 -135.75
-276.21 -97.12
-185.03 -127.67
-215.70 -118.89
-253.01 -103.60
-242.01 -110.76
-259.35 -108.20
-209.62 -119.75
-275.92 -107.36
-146.16 -144.79
-274.65 -102.68
-211.64 -118.89
-241.69 -111.69
-136.69 -140.64
-249.19 -99.34
-244.81 -109.66
-134.30 -146.33
-251.32 -107.12
-238.78 -111.71
-244.57 -95.72
-161.92 -134.72
-257.33 -106.15
-145.34 -140.37
-228.41 -114.00
-199.17 -122.74
-157.10 -133.32
-239.21 -112.02
-172.16 -130.51
-150.62 -138.62
-174.37 -130.27
-273.04 -94.95
-298.66 -88.74
-186.79 -126.90
-149.24 -137.88
-251.70 -107.19
-204.19 -120.40
-268.87 -104.07
-199.72 -122.85
-215.48 -118.12
-206.54 -121.05
-158.32 -134.57
-266.59 -106.39
-191.29 -127.43
-224.87 -113.66
-227.23 -114.71
-255.92 -106.66
-243.36 -107.25
-270.05 -101.14
-233.57 -113.49
-250.19 -107.80
-128.70 -141.12
-179.65 -134.04
-289.93 -98.08
-245.63 -108.77
-192.25 -124.64
-270.16 -103.16
-224.92 -107.00
-202.94 -121.16
-223.91 -115.24
-218.41 -117.09
-222.38 -116.08
-227.28 -106.27
-189.88 -126.68
-212.55 -118.77
-175.75 -131.20
-229.54 -114.24
-184.20 -127.48
-146.47 -136.38
-232.78 -114.08
-208.29 -120.85
-218.34 -117.61
-176.26 -129.95
-256.49 -101.51
-198.48 -124.40
-176.56 -129.92
-146.80 -138.98
-172.97 -131.97
-181.52 -127.67
-142.99 -138.37
-216.06 -117.83
-189.08 -126.56
-191.35 -125.10
-217.40 -116.69
-123.60 -139.95
-220.05 -116.14
-193.46 -124.25
-221.15 -116.57
-208.42 -120.39
-166.70 -135.90
-149.40 -139.02
-209.76 -119.20
-182.65 -128.33
-227.11 -117.98
-244.59 -105.39
-254.69 -107.74
-219.97 -116.89
-184.58 -126.99
-332.31 -85.71
-165.35 -138.47
-185.99 -126.79
-268.41 -99.80
-158.37 -136.03
-185.64 -127.21
-163.95 -145.46
-203.93 -122.64
-182.96 -127.82
-205.84 -121.71
-211.63 -120.19
-217.69 -119.19
-171.54 -130.35
-214.12 -119.69
-223.81 -117.07
-241.11 -110.97
-202.16 -123.13
-224.12 -114.47
-158.69 -138.90
-209.53 -121.08
-202.65 -123.25
-186.62 -128.88
-206.42 -122.72
-185.96 -128.10
-205.26 -121.74
-198.88 -123.66
-223.54 -118.31
-221.87 -116.87
-99.27 -145.95
-197.53 -125.10
-186.83 -128.15
-214.10 -118.92
-179.53 -129.83
-185.47 -125.45
-255.41 -107.58
-197.30 -122.37
-200.32 -123.70
-236.58 -114.40
-261.28 -97.87
-187.68 -127.07
-202.55 -122.20
-217.78 -119.38
-253.14 -108.64
-205.49 -114.66
-214.94 -120.30
-180.77 -130.76
-203.89 -122.56
-189.03 -127.36
-177.38 -133.07
-210.96 -120.62
-217.13 -119.71
-219.26 -117.76
-199.40 -124.76
-224.64 -117.68
-265.18 -105.58
-198.02 -125.16
-214.27 -120.19
-230.27 -115.16
-215.36 -119.69
-180.45 -133.76
-221.35 -117.46
-223.11 -118.19
-235.26 -114.72
-194.66 -126.96
-218.88 -120.24
-233.91 -115.90
-202.07 -125.54
-213.43 -121.01
-217.48 -119.32
-177.36 -130.78
-258.27 -110.68
-187.87 -129.15
-193.03 -125.75
-209.59 -120.58
-204.39 -124.09
-237.59 -110.49
-299.11 -94.39
-200.75 -124.17
-215.52 -120.36
-187.29 -127.67
-175.51 -136.43
-179.34 -130.89
-201.01 -125.81
-215.82 -121.03
-170.69 -133.02
-225.65 -103.55
-213.93 -121.45
-173.88 -134.66
-231.23 -116.11
-218.39 -120.05
-233.78 -104.82
-207.61 -122.16
-215.37 -120.95
-193.91 -127.27
-196.79 -128.07
-203.97 -122.97
-160.72 -136.26
-191.79 -128.07
-196.68 -127.26
-174.37 -135.41
-183.44 -132.58
-162.30 -142.00
-223.97 -116.59
-178.97 -133.02
-240.04 -114.07
-201.03 -125.55
-208.50 -123.23
-242.01 -113.93
-200.47 -127.44
-219.92 -119.99
-208.38 -121.21
-208.62 -124.53
-251.64 -115.82
-191.35 -128.06
-212.18 -124.18
-205.67 -122.50
-215.34 -122.14
-198.87 -130.25
-242.31 -111.71
-204.86 -127.56
-182.92 -131.67
-185.55 -131.01
-160.58 -143.70
-206.83 -123.70
-201.18 -127.38
-199.67 -126.83
-163.34 -137.14
-186.44 -141.92
-193.29 -128.97
-210.40 -123.56
-196.70 -126.28
-222.25 -120.03
-182.81 -137.77
-197.28 -128.21
-205.51 -124.67
-183.30 -131.59
-187.33 -140.63
-180.32 -140.01
-151.65 -147.43
-189.63 -132.32
-179.12 -143.35
-168.19 -146.05
-183.76 -135.23
-172.52 -138.13
-170.68 -151.04
-169.54 -140.64
-115.56 -173.18
-200.20 -129.35
-174.91 -148.78
-113.55 -166.58
-173.71 -155.18
-207.86 -128.60
-180.29 -144.38
-183.51 -153.34
-216.23 -131.23
-194.15 -136.01
-218.08 -125.93
-195.22 -132.05
-196.65 -136.06
-175.22 -144.16
-158.96 -150.08
-191.36 -141.39
-176.48 -147.21
-185.44 -141.97
-213.55 -137.52
-216.09 -124.11
-195.58 -133.77
-182.51 -140.08
-202.51 -146.19
-166.83 -161.11
-170.80 -155.73
-212.29 -130.56
-159.64 -161.54
-184.63 -142.69
-161.12 -158.58
-180.65 -145.73
-182.22 -143.14
-181.62 -145.59
-184.54 -147.63
-212.71 -148.89
-241.49 -129.58
-207.91 -155.29
-194.02 -143.50
-212.25 -151.28
-198.94 -128.92
-192.87 -138.52
-222.41 -143.11
-236.29 -137.40
-187.92 -138.68
-201.96 -147.11
-178.52 -158.51
-128.93 -153.31
-203.41 -149.32
-192.36 -164.07
-185.14 -157.50
-206.54 -154.36
-198.15 -139.36
-198.30 -143.33
-206.40 -145.85
-199.16 -154.60
-189.63 -147.02
-203.87 -141.01
-202.06 -141.63
-206.81 -157.86
-211.33 -140.00
-211.06 -153.80
-219.32 -150.70
-197.46 -162.16
-195.41 -141.68
-201.85 -146.39
-222.10 -150.72
-245.71 -123.28
-181.64 -159.76
-205.16 -146.96
-166.63 -162.68
-194.35 -159.60
-167.96 -160.51
-190.14 -144.99
-210.22 -158.34
-189.59 -152.84
-192.92 -155.20
-224.28 -170.91
-233.55 -169.27
-220.37 -171.15
-228.99 -168.78
-233.47 -156.71
-207.29 -127.76
-205.80 -141.87
-230.99 -160.75
-254.16 -148.24
-236.15 -132.05
-212.99 -169.77
-213.03 -163.19
-280.51 -136.21
-222.12 -151.51
-191.98 -179.44
-227.82 -165.40
-224.94 -162.30
-191.82 -147.68
-205.40 -153.32
-203.98 -167.00
-214.86 -170.51
-217.22 -169.59
-221.15 -147.48
-228.96 -148.35
-217.47 -166.51
-228.34 -143.19
-223.15 -163.61
-211.84 -166.00
-200.59 -177.46
-201.51 -152.59
-213.73 -152.69
-224.13 -157.96
-180.59 -174.32
-199.50 -161.15
-205.54 -164.02
-258.48 -132.69
-228.50 -165.72
-178.54 -156.92
-229.12 -167.37
-224.23 -165.94
-226.92 -165.35
-217.93 -167.26
-218.59 -174.05
-224.49 -187.60
-225.17 -177.52
-227.71 -174.85
-210.29 -160.54
-221.90 -191.53
-215.78 -153.89
-200.48 -174.30
-197.79 -165.04
-235.70 -161.83
-218.54 -174.92
-230.29 -165.54
-281.69 -119.41
-220.35 -166.91
-217.03 -165.75
-247.17 -169.06
-228.68 -166.68
-217.80 -173.16
-218.39 -170.53
-204.68 -176.78
-219.73 -166.54
-223.82 -169.87
-217.73 -174.06
-227.32 -165.77
-216.88 -166.41
-221.02 -158.43
-224.44 -168.32
-210.35 -168.35
-204.40 -169.67
-220.64 -172.84
-219.17 -163.39
-212.18 -167.70
-211.26 -176.50
-224.60 -164.29
-209.84 -172.10
-203.37 -155.33
-240.18 -167.90
-208.61 -159.63
-220.30 -171.21
-200.11 -159.49
-228.79 -169.00
-228.01 -171.28
-210.53 -165.42
-220.93 -161.59
-216.30 -166.93
-205.14 -158.25
-200.00 -163.71
-216.09 -181.51
-215.58 -177.47
-212.74 -164.80
-170.33 -173.35
-224.83 -177.36
-208.85 -157.18
-220.83 -164.25
-208.29 -136.54
-206.96 -168.26
-228.84 -158.45
-241.00 -167.90
-218.63 -166.14
-228.19 -180.45
-223.25 -176.88
-218.78 -151.71
-219.07 -163.00
-211.10 -163.70
-207.41 -167.44
-202.15 -170.09
-210.96 -161.65
-215.24 -167.32
-222.37 -166.75
-214.97 -159.28
-218.39 -156.71
-225.58 -177.10
-211.06 -168.39
-206.43 -171.40
-227.27 -172.57
-226.70 -164.87
-214.85 -155.48
-192.33 -180.09
-196.91 -160.42
-232.39 -168.03
-207.84 -164.25
-197.51 -155.69
-223.83 -167.87
-209.45 -161.93
-209.56 -158.38
-211.76 -150.08
-211.57 -161.29
-195.13 -150.74
-207.58 -162.14
-211.03 -163.53
-210.96 -152.33
-219.29 -157.79
-250.29 -154.66
-205.66 -168.63
-211.50 -161.09
-210.34 -162.83
-176.54 -172.90
-214.73 -164.96
-200.03 -168.65
-227.80 -165.59
-210.24 -164.10
-221.47 -172.00
-218.68 -170.73
-220.41 -150.02
-212.40 -161.44
-207.01 -160.02
-208.24 -159.61
-216.99 -159.19
-214.20 -164.14
-209.93 -167.24
-211.39 -159.01
-214.83 -159.69
-219.73 -157.08
-202.71 -151.31
-218.60 -156.34
-217.13 -159.22
-227.15 -166.90
-205.10 -162.24
-215.53 -154.92
-211.11 -167.70
-212.66 -162.99
-218.11 -165.29
-202.01 -160.69
-211.09 -158.58
-213.01 -163.69
-209.41 -162.65
-210.74 -160.21
-210.49 -153.84
-210.32 -159.67
-201.42 -155.00
-219.56 -162.55
-214.09 -155.61
-219.11 -161.86
-210.55 -168.77
-205.85 -165.60
-208.89 -157.53
-214.60 -165.05
-214.23 -164.90
-220.83 -174.99
-217.62 -161.77
-198.87 -171.19
-207.38 -162.88
-211.02 -164.18
-206.99 -156.60
-210.24 -158.64
-211.44 -171.26
-214.71 -165.33
-206.82 -159.79
-212.93 -158.94
-221.79 -158.39
-215.83 -165.38
-217.58 -162.56
-207.65 -158.31
-213.51 -168.79
-210.45 -169.48
-218.60 -170.15
-220.37 -157.48
-218.83 -159.27
-221.07 -162.78
-211.32 -164.00
-213.93 -167.14
-226.17 -154.98
-223.19 -166.24
-206.41 -162.58
-207.01 -162.01
-220.83 -165.28
-208.45 -161.92
-213.06 -164.83
-213.75 -161.96
-223.31 -171.33
-212.85 -161.10
-218.78 -164.36
-222.72 -162.76
-217.59 -164.88
-222.86 -166.78
-217.06 -162.93
-197.08 -167.58
-225.38 -160.59
-218.44 -165.11
-216.04 -165.52
-240.16 -165.27
-218.99 -161.43
-234.60 -156.74
-207.04 -161.21
-216.92 -164.87
-202.40 -150.39
-216.82 -158.36
-212.73 -173.69
-221.35 -161.96
-224.55 -166.78
-223.49 -165.00
-218.22 -160.55
-215.66 -164.71
-221.40 -160.21
-223.66 -165.46
-215.78 -165.58
-217.20 -161.17
-224.83 -166.86
-217.21 -168.55
-217.97 -162.24
-211.07 -160.28
-226.86 -162.01
-217.39 -167.89
-216.21 -163.82
-211.97 -160.42
-219.14 -162.76
-218.27 -163.35
-219.65 -163.56
-217.95 -162.56
